short coef_matrix_hardware[8][8] = {
	{ 2896,  2896,  2896,  2896,  2896,  2896,  2896,  2896, },
	{ 4017,  3406,  2276,   799,  -799, -2276, -3406, -4017, },
	{ 3784,  1567, -1567, -3784, -3784, -1567,  1567,  3784, },
	{ 3406,  -799, -4017, -2276,  2276,  4017,   799, -3406, },
	{ 2896, -2896, -2896,  2896,  2896, -2896, -2896,  2896, },
	{ 2276, -4017,   799,  3406, -3406,  -799,  4017, -2276, },
	{ 1567, -3784,  3784, -1567, -1567,  3784, -3784,  1567, },
	{  799, -2276,  3406, -4017,  4017, -3406,  2276,  -799, },
};

double coef_matrix_software[8][8] = {
	{ 0.353553,  0.353553,  0.353553,  0.353553,  0.353553,  0.353553,  0.353553,  0.353553, },
	{ 0.490393,  0.415735,  0.277785,  0.097545, -0.097545, -0.277785, -0.415735, -0.490393, },
	{ 0.461940,  0.191342, -0.191342, -0.461940, -0.461940, -0.191342,  0.191342,  0.461940, },
	{ 0.415735, -0.097545, -0.490393, -0.277785,  0.277785,  0.490393,  0.097545, -0.415735, },
	{ 0.353553, -0.353553, -0.353553,  0.353553,  0.353553, -0.353553, -0.353553,  0.353553, },
	{ 0.277785, -0.490393,  0.097545,  0.415735, -0.415735, -0.097545,  0.490393, -0.277785, },
	{ 0.191342, -0.461940,  0.461940, -0.191342, -0.191342,  0.461940, -0.461940,  0.191342, },
	{ 0.097545, -0.277785,  0.415735, -0.490393,  0.490393, -0.415735,  0.277785, -0.097545, },
};

