short result_hardware[8][8] = {
	{ 5696,  4264,  2583, -1675, -3840,  2237,   800,  4039, },
	{-3270,   674,  2518, -2780, -1212, -2106, -2924, -2882, },
	{ 2814,   -49, -9857,  4002,  2284,  1439, -2220,  2005, },
	{-1041,  3127,   489, -1929,  3007,  -422,    94,  1105, },
	{ 5408,  8727, -8742,   -76, -3328,  1739, -1956,  -369, },
	{ 2528,  2690, -4782, -10616,  1193, -4908, -2384, -9401, },
	{-3365, -4888,  1812,   423, -6401,  9691, -8319,  -132, },
	{-6385,  2605, -4508, -11734,  -495,  -751, -3749,  4436, },
};

